# 18 Numbers, 4if6 100%
# create 6 sets of 3 numbers for guaranteed jackpot if 2 sets are drawn
 1  2  3  4  5  6
 1  2  3  7  8  9
 1  2  3 10 11 12
 1  2  3 13 14 15
 1  2  3 16 17 18
 1  4  7 12 14 17
 1  4  8 11 15 16
 1  4  9 10 13 18
 1  5  7 12 15 18
 1  5  8 11 13 17
 1  5  9 10 14 16
 1  6  7 12 13 16
 1  6  8 11 14 18
 1  6  9 10 15 17
 2  4  7 11 13 18
 2  4  8 10 14 17
 2  4  9 12 15 16
 2  5  7 11 14 16
 2  5  8 10 15 18
 2  5  9 12 13 17
 2  6  7 11 15 17
 2  6  8 10 13 16
 2  6  9 12 14 18
 3  4  7 10 15 16
 3  4  8 12 13 18
 3  4  9 11 14 17
 3  5  7 10 13 17
 3  5  8 12 14 16
 3  5  9 11 15 18
 3  6  7 10 14 18
 3  6  8 12 15 17
 3  6  9 11 13 16
 4  5  6  7  8  9
 4  5  6 10 11 12
 4  5  6 13 14 15
 4  5  6 16 17 18
 7  8  9 10 11 12
 7  8  9 13 14 15
 7  8  9 16 17 18
10 11 12 13 14 15
10 11 12 16 17 18
13 14 15 16 17 18
 1  2  7  8 10 12
 1  3  7  9 11 12
 2  3  8  9 10 11
 4  5 13 14 16 18
 4  6 13 15 17 18
 5  6 14 15 16 17
