# 4if6
# NOT TESTED
1 2 3 4 5 6
1 2 3 7 8 9
1 2 3 10 11 12
1 2 3 13 14 15
1 2 3 16 17 18
1 2 3 19 20 21
1 2 4 9 16 20
1 2 5 10 13 21
1 2 7 11 12 19
1 2 8 12 17 21
1 3 6 9 15 21
1 3 11 13 18 20
1 4 7 10 13 16
1 4 7 15 17 19
1 4 8 11 14 17
1 4 9 12 15 18
1 4 11 15 16 21
1 5 7 11 15 20
1 5 7 12 20 21
1 5 8 10 18 20
1 5 8 14 17 19
1 5 8 15 16 19
1 5 9 13 17 20
1 5 12 14 16 20
1 6 7 14 18 21
1 6 8 12 13 19
1 6 9 11 16 20
1 6 10 15 17 20
1 9 10 14 18 19
1 11 13 14 16 21
2 3 5 9 13 17
2 3 5 10 15 21
2 3 6 12 18 21
2 4 7 11 18 20
2 4 8 10 15 19
2 4 8 13 18 21
2 4 11 14 17 21
2 4 12 14 16 19
2 5 7 10 14 17
2 5 8 11 13 16
2 5 9 14 18 19
2 5 12 15 18 20
2 6 7 12 15 16
2 6 8 11 14 20
2 6 9 10 13 18
2 6 13 16 17 19
2 7 9 17 19 21
2 7 10 13 16 20
2 7 10 15 18 21
2 9 11 15 17 20
2 9 12 13 16 21
3 4 7 10 15 18
3 4 7 12 14 21
3 4 8 15 16 20
3 4 9 10 17 21
3 4 9 11 13 19
3 4 11 14 18 19
3 4 12 15 18 19
3 5 7 13 16 21
3 5 8 12 14 18
3 5 9 10 12 20
3 5 11 15 17 19
3 6 7 10 15 19
3 6 7 14 18 20
3 6 8 11 17 21
3 6 12 13 16 20
3 7 11 14 16 19
3 7 12 14 17 20
3 8 9 12 16 20
3 8 10 13 17 19
3 9 10 14 16 18
4 5 6 7 8 9
4 5 6 10 11 12
4 5 6 13 14 15
4 5 6 16 17 18
4 5 6 19 20 21
4 8 12 13 17 20
4 9 10 14 18 20
5 7 12 13 18 19
5 8 12 15 17 21
5 9 10 15 16 19
5 9 11 14 18 21
6 7 11 13 17 21
6 8 10 14 16 21
6 8 11 15 18 19
6 9 12 14 17 19
7 8 9 10 11 12
7 8 9 13 14 15
7 8 9 16 17 18
7 8 9 19 20 21
10 11 12 13 14 15
10 11 12 16 17 18
10 11 12 19 20 21
13 14 15 16 17 18
13 14 15 19 20 21
16 17 18 19 20 21
