# 01-02-03 | 04-05-06 | 07-08-09 | 10-11-12 
# 13-14-15-16-17-18-19-20-21-22-23-24
# 25-26-27-28-29-30-31-32-33-34-35-36

# A 5# winning line 
# is guaranteed if one group of bankers(3) is correct and the 
# remaining three winning numbers are all among either twelve.  

# Multiple 4# winning lines are guaranteed if one group of 
# bankers(3) is correct and two or three winning numbers are 
# across the sets of twelve.

# A 4# winning line is guaranteed if one group of bankers(3) has 
# two numbers correct and the remaining three winning numbers 
# are all among either twelve. Or the bankers(3) has three 
# correct and one winning number is among the sets of twelve.
01 02 03 13 15 16
01 02 03 13 17 24
01 02 03 13 21 23
01 02 03 14 18 19
01 02 03 14 19 20
01 02 03 14 19 22
01 02 03 15 17 21
01 02 03 15 23 24
01 02 03 16 17 23
01 02 03 16 21 24
01 02 03 18 20 22
04 05 06 13 14 16
04 05 06 13 16 19
04 05 06 13 16 24
04 05 06 14 19 24
04 05 06 15 17 23
04 05 06 15 18 21
04 05 06 15 20 22
04 05 06 17 18 20
04 05 06 17 21 22
04 05 06 18 22 23
04 05 06 20 21 23
07 08 09 13 15 24
07 08 09 13 17 18
07 08 09 13 19 23
07 08 09 14 16 21
07 08 09 14 20 22
07 08 09 15 17 23
07 08 09 15 18 19
07 08 09 16 20 22
07 08 09 17 19 24
07 08 09 18 23 24
07 08 09 20 21 22
10 11 12 13 15 22
10 11 12 13 19 22
10 11 12 13 21 22
10 11 12 14 16 18
10 11 12 14 17 20
10 11 12 14 23 24
10 11 12 15 19 21
10 11 12 16 17 24
10 11 12 16 20 23
10 11 12 17 18 23
10 11 12 18 20 24
01 02 03 25 27 28
01 02 03 25 29 36
01 02 03 25 33 35
01 02 03 26 30 31
01 02 03 26 31 32
01 02 03 26 31 34
01 02 03 27 29 33
01 02 03 27 35 36
01 02 03 28 29 35
01 02 03 28 33 36
01 02 03 30 32 34
04 05 06 25 26 28
04 05 06 25 28 31
04 05 06 25 28 36
04 05 06 26 31 36
04 05 06 27 29 35
04 05 06 27 30 33
04 05 06 27 32 34
04 05 06 29 30 32
04 05 06 29 33 34
04 05 06 30 34 35
04 05 06 32 33 35
07 08 09 25 27 36
07 08 09 25 29 30
07 08 09 25 31 35
07 08 09 26 28 33
07 08 09 26 32 34
07 08 09 27 29 35
07 08 09 27 30 31
07 08 09 28 32 34
07 08 09 29 31 36
07 08 09 30 35 36
07 08 09 32 33 34
10 11 12 25 27 34
10 11 12 25 31 34
10 11 12 25 33 34
10 11 12 26 28 30
10 11 12 26 29 32
10 11 12 26 35 36
10 11 12 27 31 33
10 11 12 28 29 36
10 11 12 28 32 35
10 11 12 29 30 35
10 11 12 30 32 36
# Any two sets of bankers correct, guaranteed jackpot.
# Any one set of three and a set of two, guaranteed 5# line.
# Any one set of three and a single number, guaranteed 4# line.
# Any six winning numbers among the twelve, guaranteed 4# line.
01 02 03 04 05 06
01 02 03 07 08 09
01 02 03 10 11 12
04 05 06 07 08 09
04 05 06 10 11 12
07 08 09 10 11 12


