Banker, key, king, monarch numbers 01 02 03

 4  5  6
 4  7 40
 4  7 45
 4  7 49
 4  8 46
 4  8 47
 4  9 37
 4  9 44
 4 10 39
 4 12 33
 4 13 34
 4 16 41
 4 17 26
 4 36 42
 4 38 48
 4 43 47
 5  6 38
 5  6 41
 5  6 42
 5  6 43
 5  6 48
 5  7 47
 5  8 49
 5  9 39
 5 10 37
 5 16 40
 5 27 46
 5 36 45
 5 44 49
 6  7 37
 6  8 39
 6  9 10
 6 12 45
 6 16 44
 6 36 40
 6 39 46
 6 47 49
 7  8  9
 7 10 41
 7 16 42
 7 36 38
 7 38 46
 7 39 43
 7 44 48
 8  9 42
 8  9 45
 8 10 38
 8 16 43
 8 36 44
 8 37 43
 8 39 40
 8 41 48
 9 16 46
 9 36 43
 9 38 41
 9 40 47
 9 48 49
10 11 12
10 13 17
10 14 16
10 36 48
10 40 42
10 43 49
10 44 47
10 45 46
11 13 16
11 13 27
11 13 30
11 14 18
11 15 17
11 15 32
11 19 24
11 20 29
11 21 33
11 22 31
11 23 34
11 25 35
11 26 28
12 13 18
12 14 17
12 15 16
12 19 27
12 20 22
12 21 34
12 23 32
12 24 29
12 25 28
12 26 30
12 31 35
13 14 15
13 17 21
13 17 28
13 19 29
13 20 32
13 22 33
13 23 33
13 24 35
13 25 31
13 26 33
14 18 33
14 19 30
14 20 34
14 21 31
14 22 35
14 23 28
14 24 30
14 25 29
14 26 32
14 27 34
15 18 19
15 19 34
15 20 31
15 21 30
15 22 29
15 23 35
15 24 33
15 25 28
15 26 36
15 27 33
16 17 18
16 34 45
16 36 39
16 37 49
16 38 47
16 39 48
17 19 32
17 20 35
17 22 34
17 23 29
17 24 31
17 25 33
17 27 30
18 20 24
18 21 29
18 22 28
18 23 30
18 25 30
18 26 34
18 26 35
18 27 31
18 27 32
19 20 21
19 21 35
19 22 26
19 23 25
19 23 31
19 28 33
20 22 25
20 22 30
20 23 27
20 24 26
20 28 33
21 22 27
21 22 32
21 23 26
21 24 25
21 28 36
22 23 24
24 25 32
24 25 34
24 27 28
25 26 27
26 29 31
27 29 35
28 29 30
28 31 35
28 32 34
29 31 34
29 32 36
29 33 35
30 31 36
30 32 35
30 33 34
31 32 33
33 36 37
34 35 36
36 41 47
36 46 49
37 38 39
37 40 44
37 41 49
37 42 47
37 45 49
37 46 48
38 40 43
38 40 49
38 41 45
38 42 44
39 41 44
39 42 49
39 45 47
40 41 42
40 44 46
40 45 48
41 43 46
42 43 48
42 45 46
43 44 45
46 47 48
#end (46,3,2,3)=199 with 3 key numbers makes 5if6 when 3 keys correct.

